1.99955003599900e-11
4.29417529853345e-09
2.22400026617510e-08
5.50712918589435e-08
1.02720839599111e-07
1.65121577287504e-07
2.42206570913121e-07
3.33909020936214e-07
4.40162262175781e-07
5.60899763697073e-07
6.96055128699091e-07
8.45562094402083e-07
1.00935453193505e-06
1.18736644622324e-06
1.37953197587566e-06
1.58578539307256e-06
1.80606110345292e-06
2.04029364600202e-06
2.28841769293884e-06
2.55036804960363e-06
2.82607965434540e-06
3.11548757840939e-06
3.41852702582461e-06
3.73513333329130e-06
4.06524197006847e-06
4.40878853786135e-06
4.76570877070898e-06
5.13593853487157e-06
5.51941382871814e-06
5.91607078261394e-06
6.32584565880795e-06
6.74867485132045e-06
7.18449488583042e-06
7.63324241956311e-06
8.09485424117753e-06
8.56926727065392e-06
9.05641855918129e-06
9.55624528904489e-06
1.00686847735137e-05
1.05936744567280e-05
1.11311519135868e-05
1.16810548496353e-05
1.22433211009525e-05
1.28178886340387e-05
1.34046955457028e-05
1.40036800629502e-05
1.46147805428699e-05
1.52379354725220e-05
1.58730834688255e-05
1.65201632784458e-05
1.71791137776817e-05
1.78498739723538e-05
1.85323829976908e-05
1.92265801182180e-05
1.99324047276444e-05
2.06497963487503e-05
2.13786946332747e-05
2.21190393618028e-05
2.28707704436536e-05
2.36338279167674e-05
2.44081519475932e-05
2.51936828309761e-05
2.59903609900454e-05
2.67981269761011e-05
2.76169214685022e-05
2.84466852745541e-05
2.92873593293958e-05
3.01388846958873e-05
3.10012025644979e-05
3.18742542531927e-05
3.27579812073207e-05
3.36523249995022e-05
3.45572273295162e-05
3.54726300241879e-05
3.63984750372763e-05
3.73347044493617e-05
3.82812604677331e-05
3.92380854262757e-05
4.02051217853585e-05
4.11823121317218e-05
4.21695991783645e-05
4.31669257644320e-05
4.41742348551033e-05
4.51914695414785e-05
4.62185730404666e-05
4.72554886946730e-05
4.83021599722867e-05
4.93585304669677e-05
5.04245438977353e-05
5.15001441088546e-05
5.25852750697246e-05
5.36798808747656e-05
5.47839057433066e-05
5.58972940194728e-05
5.70199901720732e-05
5.81519387944881e-05
5.92930846045565e-05
6.04433724444636e-05
6.16027472806284e-05
6.27711542035912e-05
6.39485384279010e-05
6.51348452920029e-05
6.63300202581262e-05
6.75340089121709e-05
6.87467569635961e-05
6.99682102453069e-05
7.11983147135426e-05
7.24370164477631e-05
7.36842616505377e-05
7.49399966474315e-05
7.62041678868936e-05
7.74767219401440e-05
7.87576055010620e-05
8.00467653860727e-05
8.13441485340352e-05
8.26497020061295e-05
8.39633729857449e-05
8.52851087783665e-05
8.66148568114633e-05
8.79525646343756e-05
8.92981799182024e-05
9.06516504556889e-05
9.20129241611141e-05
9.33819490701783e-05
9.47586733398905e-05
9.61430452484559e-05
9.75350131951635e-05
9.89345257002736e-05
1.00341531404905e-04
1.01755979070923e-04
1.03177817580827e-04
1.04606995937637e-04
1.06043463264782e-04
1.07487168805988e-04
1.08938061925162e-04
1.10396092106286e-04
1.11861208953298e-04
1.13333362189984e-04
1.14812501659863e-04
1.16298577326075e-04
1.17791539271269e-04
1.19291337697490e-04
1.20797922926067e-04
1.22311245397501e-04
1.23831255671350e-04
1.25357904426120e-04
1.26891142459149e-04
1.28430920686499e-04
1.29977190142838e-04
1.31529901981330e-04
1.33089007473526e-04
1.34654458009246e-04
1.36226205096468e-04
1.37804200361218e-04
1.39388395547454e-04
1.40978742516957e-04
1.42575193249217e-04
1.44177699841317e-04
1.45786214507828e-04
1.47400689580689e-04
1.49021077509100e-04
1.50647330859406e-04
1.52279402314985e-04
1.53917244676138e-04
1.55560810859974e-04
1.57210053900299e-04
1.58864926947500e-04
1.60525383268439e-04
1.62191376246335e-04
1.63862859380652e-04
1.65539786286990e-04
1.67222110696969e-04
1.68909786458118e-04
1.70602767533763e-04
1.72301008002911e-04
1.74004462060144e-04
1.75713084015500e-04
1.77426828294365e-04
1.79145649437358e-04
1.80869502100219e-04
1.82598341053697e-04
1.84332121183437e-04
1.86070797489868e-04
1.87814325088091e-04
1.89562659207764e-04
1.91315755192993e-04
1.93073568502216e-04
1.94836054708095e-04
1.96603169497397e-04
1.98374868670889e-04
2.00151108143219e-04
2.01931843942808e-04
2.03717032211734e-04
2.05506629205622e-04
2.07300591293533e-04
2.09098874957845e-04
2.10901436794149e-04
2.12708233511128e-04
2.14519221930453e-04
2.16334358986663e-04
2.18153601727058e-04
2.19976907311578e-04
2.21804233012711e-04
2.23635536215353e-04
2.25470774416713e-04
2.27309905226196e-04
2.29152886365292e-04
2.30999675667460e-04
2.32850231078019e-04
2.34704510654036e-04
2.36562472564208e-04
2.38424075088756e-04
2.40289276619308e-04
2.42158035658791e-04
2.44030310821314e-04
2.45906060832056e-04
2.47785244527156e-04
2.49667820853600e-04
2.51553748869107e-04
2.53442987742016e-04
2.55335496751178e-04
2.57231235285837e-04
2.59130162845522e-04
2.61032239039934e-04
2.62937423588831e-04
2.64845676321919e-04
2.66756957178736e-04
2.68671226208544e-04
2.70588443570210e-04
2.72508569532101e-04
2.74431564471965e-04
2.76357388876822e-04
2.78286003342852e-04
2.80217368575280e-04
2.82151445388264e-04
2.84088194704785e-04
2.86027577556533e-04
2.87969555083791e-04
2.89914088535330e-04
2.91861139268289e-04
2.93810668748068e-04
2.95762638548211e-04
2.97717010350298e-04
2.99673745943829e-04
3.01632807226114e-04
3.03594156202156e-04
3.05557754984545e-04
3.07523565793342e-04
3.09491550955966e-04
3.11461672907081e-04
3.13433894188487e-04
3.15408177449004e-04
3.17384485444361e-04
3.19362781037083e-04
3.21343027196379e-04
3.23325186998030e-04
3.25309223624274e-04
3.27295100363697e-04
3.29282780611118e-04
3.31272227867477e-04
3.33263405739722e-04
3.35256277940700e-04
3.37250808289039e-04
3.39246960709040e-04
3.41244699230561e-04
3.43243987988908e-04
3.45244791224720e-04
3.47247073283856e-04
3.49250798617287e-04
3.51255931780976e-04
3.53262437435774e-04
3.55270280347301e-04
3.57279425385834e-04
3.59289837526201e-04
3.61301481847659e-04
3.63314323533790e-04
3.65328327872381e-04
3.67343460255319e-04
3.69359686178471e-04
3.71376971241579e-04
3.73395281148142e-04
3.75414581705305e-04
3.77434838823746e-04
3.79456018517566e-04
3.81478086904174e-04
3.83501010204175e-04
3.85524754741259e-04
3.87549286942085e-04
3.89574573336172e-04
3.91600580555786e-04
3.93627275335826e-04
3.95654624513712e-04
3.97682595029273e-04
3.99711153924634e-04
4.01740268344105e-04
4.03769905534064e-04
4.05800032842853e-04
4.07830617720655e-04
4.09861627719389e-04
4.11893030492597e-04
4.13924793795327e-04
4.15956885484024e-04
4.17989273516417e-04
4.20021925951406e-04
4.22054810948951e-04
4.24087896769957e-04
4.26121151776163e-04
4.28154544430028e-04
4.30188043294623e-04
4.32221617033511e-04
4.34255234410643e-04
4.36288864290239e-04
4.38322475636677e-04
4.40356037514382e-04
4.42389519087715e-04
4.44422889620854e-04
4.46456118477689e-04
4.48489175121706e-04
4.50522029115872e-04
4.52554650122530e-04
4.54587007903276e-04
4.56619072318858e-04
4.58650813329053e-04
4.60682200992562e-04
4.62713205466894e-04
4.64743797008254e-04
4.66773945971432e-04
4.68803622809687e-04
4.70832798074638e-04
4.72861442416152e-04
4.74889526582225e-04
4.76917021418880e-04
4.78943897870045e-04
4.80970126977445e-04
4.82995679880490e-04
4.85020527816159e-04
4.87044642118891e-04
4.89067994220472e-04
4.91090555649921e-04
4.93112298033377e-04
4.95133193093991e-04
4.97153212651807e-04
4.99172328623654e-04
5.01190513023033e-04
5.03207737960002e-04
5.05223975641067e-04
5.07239198369066e-04
5.09253378543061e-04
5.11266488658219e-04
5.13278501305707e-04
5.15289389172573e-04
5.17299125041637e-04
5.19307681791379e-04
5.21315032395824e-04
5.23321149924430e-04
5.25326007541978e-04
5.27329578508458e-04
5.29331836178953e-04
5.31332754003534e-04
5.33332305527140e-04
5.35330464389471e-04
5.37327204324871e-04
5.39322499162220e-04
5.41316322824818e-04
5.43308649330274e-04
5.45299452790394e-04
5.47288707411065e-04
5.49276387492149e-04
5.51262467427365e-04
5.53246921704177e-04
5.55229724903685e-04
5.57210851700509e-04
5.59190276862678e-04
5.61167975251517e-04
5.63143921821535e-04
5.65118091620313e-04
5.67090459788389e-04
5.69061001559149e-04
5.71029692258712e-04
5.72996507305818e-04
5.74961422211716e-04
5.76924412580050e-04
5.78885454106752e-04
5.80844522579919e-04
5.82801593879712e-04
5.84756643978236e-04
5.86709648939430e-04
5.88660584918953e-04
5.90609428164076e-04
5.92556155013562e-04
5.94500741897562e-04
5.96443165337496e-04
5.98383401945942e-04
6.00321428426525e-04
6.02257221573806e-04
6.04190758273163e-04
6.06122015500686e-04
6.08050970323061e-04
6.09977599897456e-04
6.11901881471411e-04
6.13823792382726e-04
6.15743310059345e-04
6.17660412019248e-04
6.19575075870335e-04
6.21487279310315e-04
6.23397000126593e-04
6.25304216196159e-04
6.27208905485472e-04
6.29111046050351e-04
6.31010616035863e-04
6.32907593676205e-04
6.34801957294598e-04
6.36693685303171e-04
6.38582756202849e-04
6.40469148583241e-04
6.42352841122528e-04
6.44233812587348e-04
6.46112041832687e-04
6.47987507801764e-04
6.49860189525919e-04
6.51730066124500e-04
6.53597116804754e-04
6.55461320861710e-04
6.57322657678066e-04
6.59181106724083e-04
6.61036647557466e-04
6.62889259823254e-04
6.64738923253706e-04
6.66585617668193e-04
6.68429322973078e-04
6.70270019161612e-04
6.72107686313815e-04
6.73942304596365e-04
6.75773854262487e-04
6.77602315651842e-04
6.79427669190408e-04
6.81249895390375e-04
6.83068974850029e-04
6.84884888253637e-04
6.86697616371342e-04
6.88507140059041e-04
6.90313440258279e-04
6.92116497996136e-04
6.93916294385112e-04
6.95712810623016e-04
6.97506027992854e-04
6.99295927862713e-04
7.01082491685655e-04
7.02865700999599e-04
7.04645537427209e-04
7.06421982675785e-04
7.08195018537147e-04
7.09964626887524e-04
7.11730789687441e-04
7.13493488981607e-04
7.15252706898803e-04
7.17008425651768e-04
7.18760627537085e-04
7.20509294935076e-04
7.22254410309680e-04
7.23995956208346e-04
7.25733915261919e-04
7.27468270184528e-04
7.29199003773473e-04
7.30926098909115e-04
7.32649538554756e-04
7.34369305756538e-04
7.36085383643320e-04
7.37797755426570e-04
7.39506404400255e-04
7.41211313940723e-04
7.42912467506594e-04
7.44609848638648e-04
7.46303440959710e-04
7.47993228174538e-04
7.49679194069713e-04
7.51361322513525e-04
7.53039597455858e-04
7.54714002928080e-04
7.56384523042933e-04
7.58051141994416e-04
7.59713844057673e-04
7.61372613588885e-04
7.63027435025150e-04
7.64678292884378e-04
7.66325171765174e-04
7.67968056346728e-04
7.69606931388699e-04
7.71241781731106e-04
7.72872592294216e-04
7.74499348078426e-04
7.76122034164157e-04
7.77740635711737e-04
7.79355137961294e-04
7.80965526232634e-04
7.82571785925139e-04
7.84173902517647e-04
7.85771861568344e-04
7.87365648714649e-04
7.88955249673102e-04
7.90540650239251e-04
7.92121836287543e-04
7.93698793771207e-04
7.95271508722141e-04
7.96839967250807e-04
7.98404155546107e-04
7.99964059875283e-04
8.01519666583793e-04
8.03070962095208e-04
8.04617932911092e-04
8.06160565610894e-04
8.07698846851834e-04
8.09232763368792e-04
8.10762301974193e-04
8.12287449557895e-04
8.13808193087080e-04
8.15324519606135e-04
8.16836416236546e-04
8.18343870176783e-04
8.19846868702185e-04
8.21345399164852e-04
8.22839448993528e-04
8.24329005693494e-04
8.25814056846448e-04
8.27294590110400e-04
8.28770593219555e-04
8.30242053984203e-04
8.31708960290603e-04
8.33171300100875e-04
8.34629061452883e-04
8.36082232460127e-04
8.37530801311627e-04
8.38974756271812e-04
8.40414085680407e-04
8.41848777952321e-04
8.43278821577535e-04
8.44704205120988e-04
8.46124917222464e-04
8.47540946596483e-04
8.48952282032184e-04
8.50358912393218e-04
8.51760826617629e-04
8.53158013717746e-04
8.54550462780070e-04
8.55938162965159e-04
8.57321103507519e-04
8.58699273715488e-04
8.60072662971128e-04
8.61441260730107e-04
8.62805056521589e-04
8.64164039948125e-04
8.65518200685535e-04
8.66867528482797e-04
8.68212013161936e-04
8.69551644617913e-04
8.70886412818506e-04
8.72216307804205e-04
8.73541319688096e-04
8.74861438655747e-04
8.76176654965098e-04
8.77486958946349e-04
8.78792341001844e-04
8.80092791605963e-04
8.81388301305007e-04
8.82678860717083e-04
8.83964460531997e-04
8.85245091511139e-04
8.86520744487368e-04
8.87791410364903e-04
8.89057080119211e-04
8.90317744796889e-04
8.91573395515558e-04
8.92824023463747e-04
8.94069619900781e-04
8.95310176156669e-04
8.96545683631992e-04
8.97776133797788e-04
8.99001518195444e-04
9.00221828436576e-04
9.01437056202927e-04
9.02647193246245e-04
9.03852231388175e-04
9.05052162520146e-04
9.06246978603259e-04
9.07436671668172e-04
9.08621233814991e-04
9.09800657213155e-04
9.10974934101323e-04
9.12144056787265e-04
9.13308017647747e-04
9.14466809128417e-04
9.15620423743696e-04
9.16768854076662e-04
9.17912092778941e-04
9.19050132570591e-04
9.20182966239993e-04
9.21310586643737e-04
9.22432986706506e-04
9.23550159420971e-04
9.24662097847672e-04
9.25768795114906e-04
9.26870244418621e-04
9.27966439022294e-04
9.29057372256826e-04
9.30143037520426e-04
9.31223428278500e-04
9.32298538063535e-04
9.33368360474993e-04
9.34432889179193e-04
9.35492117909199e-04
9.36546040464711e-04
9.37594650711949e-04
9.38637942583542e-04
9.39675910078415e-04
9.40708547261678e-04
9.41735848264510e-04
9.42757807284050e-04
9.43774418583284e-04
9.44785676490931e-04
9.45791575401331e-04
9.46792109774332e-04
9.47787274135182e-04
9.48777063074407e-04
9.49761471247708e-04
9.50740493375846e-04
9.51714124244523e-04
9.52682358704281e-04
9.53645191670379e-04
9.54602618122685e-04
9.55554633105566e-04
9.56501231727770e-04
9.57442409162318e-04
9.58378160646388e-04
9.59308481481205e-04
9.60233367031930e-04
9.61152812727541e-04
9.62066814060728e-04
9.62975366587777e-04
9.63878465928456e-04
9.64776107765905e-04
9.65668287846524e-04
9.66555001979858e-04
9.67436246038485e-04
9.68312015957906e-04
9.69182307736430e-04
9.70047117435062e-04
9.70906441177392e-04
9.71760275149479e-04
9.72608615599743e-04
9.73451458838848e-04
9.74288801239594e-04
9.75120639236801e-04
9.75946969327198e-04
9.76767788069310e-04
9.77583092083347e-04
9.78392878051088e-04
9.79197142715772e-04
9.79995882881985e-04
9.80789095415546e-04
9.81576777243395e-04
9.82358925353481e-04
9.83135536794649e-04
9.83906608676528e-04
9.84672138169419e-04
9.85432122504180e-04
9.86186558972117e-04
9.86935444924869e-04
9.87678777774295e-04
9.88416554992365e-04
9.89148774111045e-04
9.89875432722183e-04
9.90596528477400e-04
9.91312059087974e-04
9.92022022324731e-04
9.92726416017929e-04
9.93425238057150e-04
9.94118486391181e-04
9.94806159027909e-04
9.95488254034202e-04
9.96164769535800e-04
9.96835703717203e-04
9.97501054821555e-04
9.98160821150536e-04
9.98815001064246e-04
9.99463592981095e-04
0.00100010659537769
0.00100074400678871
0.00100137582580683
0.00100200205108255
0.00100262268132416
0.00100323771529754
0.00100384715182611
0.00100445098979071
0.00100504922812947
0.00100564186583768
0.00100622890196773
0.00100681033562896
0.00100738616598755
0.00100795639226642
0.00100852101374512
0.00100908002975969
0.00100963343970258
0.00101018124302251
0.00101072343922439
0.00101126002786918
0.00101179100857377
0.00101231638101092
0.00101283614490907
0.00101335030005231
0.00101385884628019
0.00101436178348766
0.00101485911162494
0.00101535083069742
0.00101583694076552
0.00101631744194459
0.00101679233440482
0.00101726161837109
0.00101772529412290
0.00101818336199421
0.00101863582237335
0.00101908267570294
0.00101952392247971
0.00101995956325445
0.00102038959863185
0.00102081402927042
0.00102123285588237
0.00102164607923349
0.00102205370014303
0.00102245571948362
0.00102285213818113
0.00102324295721454
0.00102362817761589
0.00102400780047009
0.00102438182691488
0.00102475025814067
0.00102511309539043
0.00102547033995960
0.00102582199319597
0.00102616805649956
0.00102650853132251
0.00102684341916896
0.00102717272159497
0.00102749644020835
0.00102781457666862
0.00102812713268683
0.00102843411002548
0.00102873551049842
0.00102903133597071
0.00102932158835851
0.00102960626962899
0.00102988538180019
0.00103015892694095
0.00103042690717073
0.00103068932465956
0.00103094618162791
0.00103119748034655
0.00103144322313647
0.00103168341236875
0.00103191805046447
0.00103214713989457
0.00103237068317974
0.00103258868289033
0.00103280114164622
0.00103300806211671
0.00103320944702041
0.00103340529912512
0.00103359562124773
0.00103378041625410
0.00103395968705896
0.00103413343662576
0.00103430166796661
0.00103446438414212
0.00103462158826133
0.00103477328348156
0.00103491947300832
0.00103506016009519
0.00103519534804370
0.00103532504020325
0.00103544923997096
0.00103556795079155
0.00103568117615729
0.00103578891960781
0.00103589118473006
0.00103598797515811
0.00103607929457315
0.00103616514670326
0.00103624553532339
0.00103632046425521
0.00103638993736697
0.00103645395857345
0.00103651253183579
0.00103656566116141
0.00103661335060390
0.00103665560426287
0.00103669242628389
0.00103672382085834
0.00103674979222330
0.00103677034466147
0.00103678548250100
0.00103679521011545
0.00103679953192369
0.00103679845238941
0.00103679197602185
0.00103678010737483
0.00103676285104705
0.00103674021168192
0.00103671219396743
0.00103667880263603
0.00103664004246455
0.00103659591827405
0.00103654643492973
0.00103649159734082
0.00103643141046043
0.00103636587928550
0.00103629500885663
0.00103621880425801
0.00103613727061727
0.00103605041310540
0.00103595823693661
0.00103586074736826
0.00103575794970068
0.00103564984927712
0.00103553645148362
0.00103541776174887
0.00103529378554412
0.00103516452838310
0.00103502999582182
0.00103489019345857
0.00103474512693369
0.00103459480192957
0.00103443922417044
0.00103427839942234
0.00103411233349293
0.00103394103223144
0.00103376450152853
0.00103358274731619
0.00103339577556760
0.00103320359229704
0.00103300620355979
0.00103280361545198
0.00103259583411052
0.00103238286571295
0.00103216471647735
0.00103194139266221
0.00103171290056636
0.00103147924652879
0.00103124043692859
0.00103099647818482
0.00103074737675640
0.00103049313914200
0.00103023377187992
0.00102996928154797
0.00102969967476339
0.00102942495818269
0.00102914513850160
0.00102886022245489
0.00102857021681629
0.00102827512839840
0.00102797496405253
0.00102766973066862
0.00102735943517513
0.00102704408453889
0.00102672368576504
0.00102639824589688
0.00102606777201576
0.00102573227124099
0.00102539175072971
0.00102504621767679
0.00102469567931468
0.00102434014291335
0.00102397961578016
0.00102361410525972
0.00102324361873381
0.00102286816362127
0.00102248774737783
0.00102210237749610
0.00102171206150535
0.00102131680697147
0.00102091662149684
0.00102051151272018
0.00102010148831650
0.00101968655599695
0.00101926672350870
0.00101884199863486
0.00101841238919433
0.00101797790304171
0.00101753854806721
0.00101709433219647
0.00101664526339051
0.00101619134964561
0.00101573259899316
0.00101526901949959
0.00101480061926621
0.00101432740642915
0.00101384938915923
0.00101336657566183
0.00101287897417678
0.00101238659297826
0.00101188944037471
0.00101138752470865
0.00101088085435664
0.00101036943772912
0.00100985328327033
0.00100933239945815
0.00100880679480406
0.00100827647785295
0.00100774145718306
0.00100720174140586
0.00100665733916592
0.00100610825914079
0.00100555451004093
0.00100499610060957
0.00100443303962256
0.00100386533588835
0.00100329299824780
0.00100271603557407
0.00100213445677257
0.00100154827078077
0.00100095748656815
0.00100036211313604
9.99762159517545e-04
9.99157634777411e-04
9.98548548011916e-04
9.97934908348761e-04
9.97316724946953e-04
9.96694006996699e-04
9.96066763719286e-04
9.95435004366976e-04
9.94798738222888e-04
9.94157974600886e-04
9.93512722845471e-04
9.92862992331661e-04
9.92208792464886e-04
9.91550132680871e-04
9.90887022445525e-04
9.90219471254830e-04
9.89547488634722e-04
9.88871084140988e-04
9.88190267359147e-04
9.87505047904339e-04
9.86815435421213e-04
9.86121439583814e-04
9.85423070095471e-04
9.84720336688685e-04
9.84013249125014e-04
9.83301817194964e-04
9.82586050717874e-04
9.81865959541804e-04
9.81141553543422e-04
9.80412842627895e-04
9.79679836728771e-04
9.78942545807871e-04
9.78200979855173e-04
9.77455148888703e-04
9.76705062954419e-04
9.75950732126103e-04
9.75192166505242e-04
9.74429376220923e-04
9.73662371429714e-04
9.72891162315555e-04
9.72115759089646e-04
9.71336171990332e-04
9.70552411282991e-04
9.69764487259924e-04
9.68972410240240e-04
9.68176190569745e-04
9.67375838620827e-04
9.66571364792346e-04
9.65762779509522e-04
9.64950093223819e-04
9.64133316412837e-04
9.63312459580196e-04
9.62487533255425e-04
9.61658547993850e-04
9.60825514376478e-04
9.59988443009891e-04
9.59147344526127e-04
9.58302229582573e-04
9.57453108861846e-04
9.56599993071687e-04
9.55742892944844e-04
9.54881819238965e-04
9.54016782736476e-04
9.53147794244479e-04
9.52274864594632e-04
9.51398004643041e-04
9.50517225270145e-04
9.49632537380604e-04
9.48743951903186e-04
9.47851479790658e-04
9.46955132019668e-04
9.46054919590637e-04
9.45150853527643e-04
9.44242944878312e-04
9.43331204713702e-04
9.42415644128195e-04
9.41496274239378e-04
9.40573106187938e-04
9.39646151137543e-04
9.38715420274733e-04
9.37780924808808e-04
9.36842675971712e-04
9.35900685017926e-04
9.34954963224348e-04
9.34005521890188e-04
9.33052372336852e-04
9.32095525907827e-04
9.31134993968576e-04
9.30170787906415e-04
9.29202919130412e-04
9.28231399071264e-04
9.27256239181192e-04
9.26277450933825e-04
9.25295045824089e-04
9.24309035368091e-04
9.23319431103013e-04
9.22326244586993e-04
9.21329487399018e-04
9.20329171138805e-04
9.19325307426694e-04
9.18317907903536e-04
9.17306984230575e-04
9.16292548089340e-04
9.15274611181532e-04
9.14253185228910e-04
9.13228281973178e-04
9.12199913175875e-04
9.11168090618263e-04
9.10132826101210e-04
9.09094131445081e-04
9.08052018489625e-04
9.07006499093862e-04
9.05957585135973e-04
9.04905288513180e-04
9.03849621141645e-04
9.02790594956346e-04
9.01728221910974e-04
9.00662513977813e-04
8.99593483147631e-04
8.98521141429571e-04
8.97445500851029e-04
8.96366573457553e-04
8.95284371312721e-04
8.94198906498032e-04
8.93110191112796e-04
8.92018237274019e-04
8.90923057116288e-04
8.89824662791666e-04
8.88723066469569e-04
8.87618280336665e-04
8.86510316596751e-04
8.85399187470648e-04
8.84284905196085e-04
8.83167482027587e-04
8.82046930236363e-04
8.80923262110195e-04
8.79796489953319e-04
8.78666626086322e-04
8.77533682846023e-04
8.76397672585362e-04
8.75258607673288e-04
8.74116500494646e-04
8.72971363450065e-04
8.71823208955846e-04
8.70672049443848e-04
8.69517897361375e-04
8.68360765171066e-04
8.67200665350783e-04
8.66037610393494e-04
8.64871612807164e-04
8.63702685114641e-04
8.62530839853548e-04
8.61356089576162e-04
8.60178446849309e-04
8.58997924254248e-04
8.57814534386558e-04
8.56628289856030e-04
8.55439203286547e-04
8.54247287315980e-04
8.53052554596069e-04
8.51855017792311e-04
8.50654689583854e-04
8.49451582663375e-04
8.48245709736976e-04
8.47037083524064e-04
8.45825716757246e-04
8.44611622182209e-04
8.43394812557616e-04
8.42175300654983e-04
8.40953099258578e-04
8.39728221165297e-04
8.38500679184564e-04
8.37270486138204e-04
8.36037654860346e-04
8.34802198197296e-04
8.33564129007437e-04
8.32323460161105e-04
8.31080204540487e-04
8.29834375039502e-04
8.28585984563690e-04
8.27335046030100e-04
8.26081572367177e-04
8.24825576514650e-04
8.23567071423420e-04
8.22306070055445e-04
8.21042585383631e-04
8.19776630391717e-04
8.18508218074163e-04
8.17237361436037e-04
8.15964073492906e-04
8.14688367270718e-04
8.13410255805694e-04
8.12129752144212e-04
8.10846869342698e-04
8.09561620467510e-04
8.08274018594830e-04
8.06984076810545e-04
8.05691808210142e-04
8.04397225898589e-04
8.03100342990226e-04
8.01801172608653e-04
8.00499727886615e-04
7.99196021965890e-04
7.97890067997179e-04
7.96581879139992e-04
7.95271468562532e-04
7.93958849441590e-04
7.92644034962425e-04
7.91327038318656e-04
7.90007872712150e-04
7.88686551352904e-04
7.87363087458939e-04
7.86037494256184e-04
7.84709784978365e-04
7.83379972866889e-04
7.82048071170738e-04
7.80714093146351e-04
7.79378052057512e-04
7.78039961175241e-04
7.76699833777678e-04
7.75357683149971e-04
7.74013522584168e-04
7.72667365379095e-04
7.71319224840254e-04
7.69969114279703e-04
7.68617047015948e-04
7.67263036373828e-04
7.65907095684402e-04
7.64549238284841e-04
7.63189477518309e-04
7.61827826733855e-04
7.60464299286299e-04
7.59098908536121e-04
7.57731667849347e-04
7.56362590597433e-04
7.54991690157162e-04
7.53618979910521e-04
7.52244473244597e-04
7.50868183551457e-04
7.49490124228044e-04
7.48110308676055e-04
7.46728750301835e-04
7.45345462516265e-04
7.43960458734643e-04
7.42573752376579e-04
7.41185356865879e-04
7.39795285630430e-04
7.38403552102095e-04
7.37010169716590e-04
7.35615151913383e-04
7.34218512135571e-04
7.32820263829775e-04
7.31420420446024e-04
7.30018995437643e-04
7.28616002261142e-04
7.27211454376100e-04
7.25805365245056e-04
7.24397748333396e-04
7.22988617109239e-04
7.21577985043325e-04
7.20165865608903e-04
7.18752272281618e-04
7.17337218539399e-04
7.15920717862347e-04
7.14502783732620e-04
7.13083429634325e-04
7.11662669053398e-04
7.10240515477502e-04
7.08816982395904e-04
7.07392083299371e-04
7.05965831680051e-04
7.04538241031365e-04
7.03109324847891e-04
7.01679096625255e-04
7.00247569860015e-04
6.98814758049553e-04
6.97380674691956e-04
6.95945333285911e-04
6.94508747330586e-04
6.93070930325521e-04
6.91631895770516e-04
6.90191657165516e-04
6.88750228010499e-04
6.87307621805366e-04
6.85863852049826e-04
6.84418932243285e-04
6.82972875884731e-04
6.81525696472624e-04
6.80077407504783e-04
6.78628022478275e-04
6.77177554889297e-04
6.75726018233070e-04
6.74273426003723e-04
6.72819791694182e-04
6.71365128796054e-04
6.69909450799521e-04
6.68452771193221e-04
6.66995103464140e-04
6.65536461097497e-04
6.64076857576632e-04
6.62616306382894e-04
6.61154820995528e-04
6.59692414891563e-04
6.58229101545700e-04
6.56764894430197e-04
6.55299807014760e-04
6.53833852766428e-04
6.52367045149461e-04
6.50899397625227e-04
6.49430923652093e-04
6.47961636685307e-04
6.46491550176890e-04
6.45020677575520e-04
6.43549032326423e-04
6.42076627871257e-04
6.40603477648004e-04
6.39129595090851e-04
6.37654993630085e-04
6.36179686691974e-04
6.34703687698658e-04
6.33227010068037e-04
6.31749667213656e-04
6.30271672544593e-04
6.28793039465349e-04
6.27313781375733e-04
6.25833911670751e-04
6.24353443740490e-04
6.22872390970013e-04
6.21390766739236e-04
6.19908584422827e-04
6.18425857390083e-04
6.16942599004825e-04
6.15458822625282e-04
6.13974541603979e-04
6.12489769287626e-04
6.11004519017002e-04
6.09518804126846e-04
6.08032637945744e-04
6.06546033796015e-04
6.05059004993599e-04
6.03571564847945e-04
6.02083726661898e-04
6.00595503731587e-04
5.99106909346313e-04
5.97617956788434e-04
5.96128659333256e-04
5.94639030248918e-04
5.93149082796280e-04
5.91658830228810e-04
5.90168285792475e-04
5.88677462725623e-04
5.87186374258875e-04
5.85695033615009e-04
5.84203454008851e-04
5.82711648647159e-04
5.81219630728514e-04
5.79727413443206e-04
5.78235009973119e-04
5.76742433491621e-04
5.75249697163455e-04
5.73756814144617e-04
5.72263797582255e-04
5.70770660614546e-04
5.69277416370592e-04
5.67784077970300e-04
5.66290658524276e-04
5.64797171133710e-04
5.63303628890261e-04
5.61810044875949e-04
5.60316432163038e-04
5.58822803813928e-04
5.57329172881039e-04
5.55835552406700e-04
5.54341955423037e-04
5.52848394951857e-04
5.51354884004542e-04
5.49861435581930e-04
5.48368062674208e-04
5.46874778260792e-04
5.45381595310226e-04
5.43888526780055e-04
5.42395585616727e-04
5.40902784755470e-04
5.39410137120185e-04
5.37917655623330e-04
5.36425353165811e-04
5.34933242636867e-04
5.33441336913958e-04
5.31949648862652e-04
5.30458191336516e-04
5.28966977176998e-04
5.27476019213319e-04
5.25985330262357e-04
5.24494923128538e-04
5.23004810603720e-04
5.21515005467085e-04
5.20025520485020e-04
5.18536368411012e-04
5.17047561985528e-04
5.15559113935911e-04
5.14071036976257e-04
5.12583343807314e-04
5.11096047116359e-04
5.09609159577094e-04
5.08122693849526e-04
5.06636662579861e-04
5.05151078400389e-04
5.03665953929369e-04
5.02181301770921e-04
5.00697134514909e-04
4.99213464736833e-04
4.97730304997713e-04
4.96247667843978e-04
4.94765565807354e-04
4.93284011404748e-04
4.91803017138142e-04
4.90322595494474e-04
4.88842758945531e-04
4.87363519947829e-04
4.85884890942511e-04
4.84406884355225e-04
4.82929512596016e-04
4.81452788059213e-04
4.79976723123317e-04
4.78501330150886e-04
4.77026621488426e-04
4.75552609466276e-04
4.74079306398496e-04
4.72606724582754e-04
4.71134876300217e-04
4.69663773815433e-04
4.68193429376223e-04
4.66723855213564e-04
4.65255063541484e-04
4.63787066556941e-04
4.62319876439714e-04
4.60853505352293e-04
4.59387965439764e-04
4.57923268829695e-04
4.56459427632027e-04
4.54996453938957e-04
4.53534359824833e-04
4.52073157346032e-04
4.50612858540855e-04
4.49153475429411e-04
4.47695020013506e-04
4.46237504276527e-04
4.44780940183337e-04
4.43325339680152e-04
4.41870714694440e-04
4.40417077134798e-04
4.38964438890847e-04
4.37512811833116e-04
4.36062207812930e-04
4.34612638662298e-04
4.33164116193801e-04
4.31716652200478e-04
4.30270258455713e-04
4.28824946713126e-04
4.27380728706457e-04
4.25937616149454e-04
4.24495620735764e-04
4.23054754138815e-04
4.21615028011708e-04
4.20176453987101e-04
4.18739043677101e-04
4.17302808673144e-04
4.15867760545893e-04
4.14433910845115e-04
4.13001271099577e-04
4.11569852816927e-04
4.10139667483586e-04
4.08710726564631e-04
4.07283041503690e-04
4.05856623722821e-04
4.04431484622403e-04
4.03007635581026e-04
4.01585087955376e-04
4.00163853080121e-04
3.98743942267802e-04
3.97325366808716e-04
3.95908137970811e-04
3.94492266999564e-04
3.93077765117876e-04
3.91664643525956e-04
3.90252913401210e-04
3.88842585898125e-04
3.87433672148164e-04
3.86026183259643e-04
3.84620130317630e-04
3.83215524383821e-04
3.81812376496440e-04
3.80410697670112e-04
3.79010498895766e-04
3.77611791140508e-04
3.76214585347520e-04
3.74818892435940e-04
3.73424723300755e-04
3.72032088812681e-04
3.70640999818061e-04
3.69251467138743e-04
3.67863501571972e-04
3.66477113890277e-04
3.65092314841359e-04
3.63709115147976e-04
3.62327525507834e-04
3.60947556593472e-04
3.59569219052149e-04
3.58192523505736e-04
3.56817480550597e-04
3.55444100757481e-04
3.54072394671408e-04
3.52702372811558e-04
3.51334045671156e-04
3.49967423717360e-04
3.48602517391152e-04
3.47239337107219e-04
3.45877893253848e-04
3.44518196192806e-04
3.43160256259236e-04
3.41804083761535e-04
3.40449688981248e-04
3.39097082172955e-04
3.37746273564157e-04
3.36397273355161e-04
3.35050091718973e-04
3.33704738801183e-04
3.32361224719850e-04
3.31019559565393e-04
3.29679753400479e-04
3.28341816259905e-04
3.27005758150492e-04
3.25671589050969e-04
3.24339318911861e-04
3.23008957655377e-04
3.21680515175298e-04
3.20354001336863e-04
3.19029425976656e-04
3.17706798902496e-04
3.16386129893325e-04
3.15067428699091e-04
3.13750705040639e-04
3.12435968609598e-04
3.11123229068269e-04
3.09812496049510e-04
3.08503779156627e-04
3.07197087963259e-04
3.05892432013265e-04
3.04589820820616e-04
3.03289263869276e-04
3.01990770613094e-04
3.00694350475690e-04
2.99400012850344e-04
2.98107767099881e-04
2.96817622556559e-04
2.95529588521960e-04
2.94243674266871e-04
2.92959889031179e-04
2.91678242023751e-04
2.90398742422330e-04
2.89121399373412e-04
2.87846221992145e-04
2.86573219362206e-04
2.85302400535696e-04
2.84033774533024e-04
2.82767350342796e-04
2.81503136921699e-04
2.80241143194396e-04
2.78981378053403e-04
2.77723850358988e-04
2.76468568939047e-04
2.75215542589003e-04
2.73964780071684e-04
2.72716290117216e-04
2.71470081422906e-04
2.70226162653136e-04
2.68984542439244e-04
2.67745229379416e-04
2.66508232038571e-04
2.65273558948249e-04
2.64041218606498e-04
2.62811219477766e-04
2.61583569992779e-04
2.60358278548439e-04
2.59135353507703e-04
2.57914803199480e-04
2.56696635918505e-04
2.55480859925241e-04
2.54267483445755e-04
2.53056514671614e-04
2.51847961759766e-04
2.50641832832432e-04
2.49438135976989e-04
2.48236879245865e-04
2.47038070656417e-04
2.45841718190827e-04
2.44647829795982e-04
2.43456413383369e-04
2.42267476828956e-04
2.41081027973083e-04
2.39897074620350e-04
2.38715624539501e-04
2.37536685463316e-04
2.36360265088496e-04
2.35186371075548e-04
2.34015011048678e-04
2.32846192595676e-04
2.31679923267801e-04
2.30516210579672e-04
2.29355062009156e-04
2.28196484997249e-04
2.27040486947975e-04
2.25887075228259e-04
2.24736257167830e-04
2.23588040059094e-04
2.22442431157033e-04
2.21299437679085e-04
2.20159066805036e-04
2.19021325676905e-04
2.17886221398832e-04
2.16753761036965e-04
2.15623951619352e-04
2.14496800135819e-04
2.13372313537867e-04
2.12250498738556e-04
2.11131362612391e-04
2.10014911995211e-04
2.08901153684076e-04
2.07790094437154e-04
2.06681740973612e-04
2.05576099973498e-04
2.04473178077632e-04
2.03372981887494e-04
2.02275517965109e-04
2.01180792832935e-04
2.00088812973754e-04
1.98999584830553e-04
1.97913114806419e-04
1.96829409264419e-04
1.95748474527496e-04
1.94670316878346e-04
1.93594942559317e-04
1.92522357772286e-04
1.91452568678554e-04
1.90385581398730e-04
1.89321402012620e-04
1.88260036559111e-04
1.87201491036065e-04
1.86145771400201e-04
1.85092883566983e-04
1.84042833410511e-04
1.82995626763405e-04
1.81951269416694e-04
1.80909767119703e-04
1.79871125579941e-04
1.78835350462989e-04
1.77802447392385e-04
1.76772421949516e-04
1.75745279673498e-04
1.74721026061074e-04
1.73699666566492e-04
1.72681206601397e-04
1.71665651534718e-04
1.70653006692556e-04
1.69643277358069e-04
1.68636468771363e-04
1.67632586129376e-04
1.66631634585770e-04
1.65633619250812e-04
1.64638545191269e-04
1.63646417430289e-04
1.62657240947292e-04
1.61671020677858e-04
1.60687761513612e-04
1.59707468302112e-04
1.58730145846740e-04
1.57755798906583e-04
1.56784432196328e-04
1.55816050386142e-04
1.54850658101568e-04
1.53888259923402e-04
1.52928860387619e-04
1.51972463985142e-04
1.51019075161898e-04
1.50068698318598e-04
1.49121337810646e-04
1.48176997948032e-04
1.47235682995214e-04
1.46297397171014e-04
1.45362144648494e-04
1.44429929554856e-04
1.43500755971318e-04
1.42574627933011e-04
1.41651549428859e-04
1.40731524401471e-04
1.39814556747027e-04
1.38900650315168e-04
1.37989808908876e-04
1.37082036284373e-04
1.36177336150997e-04
1.35275712171099e-04
1.34377167959922e-04
1.33481707085497e-04
1.32589333068523e-04
1.31700049382260e-04
1.30813859452413e-04
1.29930766657020e-04
1.29050774326342e-04
1.28173885742749e-04
1.27300104140604e-04
1.26429432706158e-04
1.25561874577429e-04
1.24697432844099e-04
1.23836110547391e-04
1.22977910679966e-04
1.22122836185802e-04
1.21270889960089e-04
1.20422074849112e-04
1.19576393650141e-04
1.18733849111314e-04
1.17894443931533e-04
1.17058180760341e-04
1.16225062197818e-04
1.15395090794464e-04
1.14568269051088e-04
1.13744599418695e-04
1.12924084298374e-04
1.12106726041186e-04
1.11292526948049e-04
1.10481489269629e-04
1.09673615206225e-04
1.08868906907656e-04
1.08067366473153e-04
1.07268995951240e-04
1.06473797339626e-04
1.05681772585091e-04
1.04892923583376e-04
1.04107252179063e-04
1.03324760165474e-04
1.02545449284547e-04
1.01769321226733e-04
1.00996377630875e-04
1.00226620084105e-04
9.94600501217196e-05
9.86966692270808e-05
9.79364788314921e-05
9.71794803140937e-05
9.64256750017447e-05
9.56750641689153e-05
9.49276490375695e-05
9.41834307770575e-05
9.34424105039984e-05
9.27045892821723e-05
9.19699681224035e-05
9.12385479824519e-05
9.05103297668967e-05
8.97853143270281e-05
8.90635024607301e-05
8.83448949123729e-05
8.76294923726957e-05
8.69172954786984e-05
8.62083048135254e-05
8.55025209063566e-05
8.47999442322912e-05
8.41005752122394e-05
8.34044142128053e-05
8.27114615461788e-05
8.20217174700194e-05
8.13351821873470e-05
8.06518558464258e-05
7.99717385406557e-05
7.92948303084562e-05
7.86211311331572e-05
7.79506409428829e-05
7.72833596104433e-05
7.66192869532177e-05
7.59584227330460e-05
7.53007666561126e-05
7.46463183728374e-05
7.39950774777597e-05
7.33470435094295e-05
7.27022159502910e-05
7.20605942265742e-05
7.14221777081784e-05
7.07869657085636e-05
7.01549574846340e-05
6.95261522366296e-05
6.89005491080097e-05
6.82781471853443e-05
6.76589454981976e-05
6.70429430190196e-05
6.64301386630297e-05
6.58205312881076e-05
6.52141196946779e-05
6.46109026256003e-05
6.40108787660542e-05
6.34140467434296e-05
6.28204051272107e-05
6.22299524288676e-05
6.16426871017394e-05
6.10586075409262e-05
6.04777120831723e-05
5.98999990067575e-05
5.93254665313812e-05
5.87541128180534e-05
5.81859359689784e-05
5.76209340274460e-05
5.70591049777157e-05
5.65004467449072e-05
5.59449571948851e-05
5.53926341341491e-05
5.48434753097187e-05
5.42974784090237e-05
5.37546410597885e-05
5.32149608299229e-05
5.26784352274064e-05
5.21450617001788e-05
5.16148376360245e-05
5.10877603624633e-05
5.05638271466347e-05
5.00430351951885e-05
4.95253816541691e-05
4.90108636089063e-05
4.84994780838996e-05
4.79912220427088e-05
4.74860923878383e-05
4.69840859606280e-05
4.64851995411372e-05
4.59894298480358e-05
4.54967735384882e-05
4.50072272080442e-05
4.45207873905234e-05
4.40374505579053e-05
4.35572131202147e-05
4.30800714254111e-05
4.26060217592742e-05
4.21350603452935e-05
4.16671833445538e-05
4.12023868556246e-05
4.07406669144456e-05
4.02820194942164e-05
3.98264405052816e-05
3.93739257950208e-05
3.89244711477336e-05
3.84780722845298e-05
3.80347248632139e-05
3.75944244781755e-05
3.71571666602743e-05
3.67229468767299e-05
3.62917605310069e-05
3.58636029627049e-05
3.54384694474436e-05
3.50163551967526e-05
3.45972553579565e-05
3.41811650140649e-05
3.37680791836575e-05
3.33579928207739e-05
3.29509008147987e-05
3.25467979903516e-05
3.21456791071721e-05
3.17475388600098e-05
3.13523718785096e-05
3.09601727271008e-05
3.05709359048832e-05
3.01846558455164e-05
2.98013269171050e-05
2.94209434220887e-05
2.90434995971270e-05
2.86689896129896e-05
2.82974075744411e-05
2.79287475201312e-05
2.75630034224794e-05
2.72001691875654e-05
2.68402386550139e-05
2.64832055978843e-05
2.61290637225565e-05
2.57778066686198e-05
2.54294280087592e-05
2.50839212486440e-05
2.47412798268141e-05
2.44014971145689e-05
2.40645664158532e-05
2.37304809671464e-05
2.33992339373484e-05
2.30708184276686e-05
2.27452274715117e-05
2.24224540343674e-05
2.21024910136953e-05
2.17853312388149e-05
2.14709674707909e-05
2.11593924023230e-05
2.08505986576308e-05
2.05445787923438e-05
2.02413252933868e-05
1.99408305788692e-05
1.96430869979709e-05
1.93480868308313e-05
1.90558222884352e-05
1.87662855125021e-05
1.84794685753717e-05
1.81953634798935e-05
1.79139621593123e-05
1.76352564771575e-05
1.73592382271290e-05
1.70858991329862e-05
1.68152308484340e-05
1.65472249570116e-05
1.62818729719790e-05
1.60191663362056e-05
1.57590964220563e-05
1.55016545312803e-05
1.52468318948977e-05
1.49946196730876e-05
1.47450089550752e-05
1.44979907590196e-05
1.42535560319009e-05
1.40116956494083e-05
1.37724004158267e-05
1.35356610639256e-05
1.33014682548447e-05
1.30698125779835e-05
1.28406845508869e-05
1.26140746191341e-05
1.23899731562252e-05
1.21683704634694e-05
1.19492567698717e-05
1.17326222320213e-05
1.15184569339783e-05
1.13067508871619e-05
1.10974940302371e-05
1.08906762290031e-05
1.06862872762800e-05
1.04843168917970e-05
1.02847547220791e-05
1.00875903403355e-05
9.89281324634630e-06
9.70041286635070e-06
9.51037855293369e-06
9.32269958491454e-06
9.13736516723323e-06
8.95436443083903e-06
8.77368643257693e-06
8.59532015507618e-06
8.41925450663678e-06
8.24547832111798e-06
8.07398035782479e-06
7.90474930139644e-06
7.73777376169295e-06
7.57304227368355e-06
7.41054329733326e-06
7.25026521749131e-06
7.09219634377773e-06
6.93632491047173e-06
6.78263907639835e-06
6.63112692481680e-06
6.48177646330712e-06
6.33457562365852e-06
6.18951226175605e-06
6.04657415746890e-06
5.90574901453713e-06
5.76702446045993e-06
5.63038804638236e-06
5.49582724698361e-06
5.36332946036375e-06
5.23288200793195e-06
5.10447213429329e-06
4.97808700713694e-06
4.85371371712298e-06
4.73133927777058e-06
4.61095062534482e-06
4.49253461874488e-06
4.37607803939082e-06
4.26156759111183e-06
4.14898990003297e-06
4.03833151446343e-06
3.92957890478328e-06
3.82271846333168e-06
3.71773650429374e-06
3.61461926358859e-06
3.51335289875634e-06
3.41392348884615e-06
3.31631703430311e-06
3.22051945685636e-06
3.12651659940602e-06
3.03429422591122e-06
2.94383802127709e-06
2.85513359124274e-06
2.76816646226831e-06
2.68292208142291e-06
2.59938581627168e-06
2.51754295476373e-06
2.43737870511920e-06
2.35887819571720e-06
2.28202647498287e-06
2.20680851127533e-06
2.13320919277470e-06
2.06121332737010e-06
1.99080564254668e-06
1.92197078527353e-06
1.85469332189081e-06
1.78895773799761e-06
1.72474843833909e-06
1.66204974669434e-06
1.60084590576353e-06
1.54112107705573e-06
1.48285934077611e-06
1.42604469571376e-06
1.37066105912885e-06
1.31669226664045e-06
1.26412207211373e-06
1.21293414754778e-06
1.16311208296277e-06
1.11463938628777e-06
1.06749948324796e-06
1.02167571725241e-06
9.77151349281303e-07
9.33909557773702e-07
8.91933438514795e-07
8.51206004523643e-07
8.11710185940437e-07
7.73428829914234e-07
7.36344700490230e-07
7.00440478497477e-07
6.65698761436174e-07
6.32102063365370e-07
5.99632814790268e-07
5.68273362549913e-07
5.38005969704512e-07
5.08812815423107e-07
4.80675994870907e-07
4.53577519096951e-07
4.27499314921452e-07
4.02423224823445e-07
3.78331006828147e-07
3.55204334394589e-07
3.33024796302991e-07
3.11773896542384e-07
2.91433054197986e-07
2.71983603338827e-07
2.53406792905130e-07
2.35683786595921e-07
2.18795662756424e-07
2.02723414265664e-07
1.87447948423867e-07
1.72950086840056e-07
1.59210565319460e-07
1.46210033751098e-07
1.33929055995202e-07
1.22348109770789e-07
1.11447586543093e-07
1.01207791411129e-07
9.16089429951332e-08
8.26311733241185e-08
7.42545277233223e-08
6.64589647017565e-08
5.92243558396600e-08
5.25304856760432e-08
4.63570515961465e-08
4.06836637189786e-08
3.54898447847815e-08
3.07550300425625e-08
2.64585671375648e-08
2.25797159987947e-08
1.90976487264965e-08
1.59914494796752e-08
1.32401143635763e-08
1.08225513172038e-08
8.71758000080420e-09
6.90393168338044e-09
5.36024913017996e-09
4.06508649020494e-09
2.99690918370350e-09
2.13409378967717e-09
1.45492793337469e-09
9.37610173797016e-10
5.60249891193390e-10
3.00867174564339e-10
1.37392709159470e-10
4.76676639790074e-11
9.44357927279691e-12