1.99550359900000e-08
4.24200443345000e-06
2.17049756509500e-05
5.30415258434500e-05
9.76060640109501e-05
1.54766195403450e-04
2.23902609020950e-04
3.04408965113450e-04
3.95691782680950e-04
4.97170326973450e-04
6.08276496990950e-04
7.28454712983450e-04
8.57161803950950e-04
9.93866895143450e-04
0.00113805129556095
0.00128920838545345
0.00144684350382095
0.00161047383591345
0.00177962830073095
0.00195384743852345
0.00213268329829095
0.00231569932528345
0.00250247024850095
0.00269258196819346
0.00288563144336096
0.00308122657925345
0.00327898611487096
0.00347853951046346
0.00367952683503096
0.00388159865382346
0.00408441591584096
0.00428764984133346
0.00449098180930096
0.00469410324499346
0.00489671550741096
0.00509852977680346
0.00529926694217096
0.00549865748876346
0.00569644138558096
0.00589236797287346
0.00608619584964096
0.00627769276113346
0.00646663548635096
0.00665280972554346
0.00683600998771097
0.00701603947810346
0.00719270998572097
0.00736584177081347
0.00753526345238097
0.00770081189567347
0.00786233209969092
0.00801967708468347
0.00817270777965096
0.00832129290984347
0.00846530888426097
0.00860463968315347
0.00873917674552097
0.00886881885661347
0.00899347203543097
0.00911304942222347
0.00922747116599097
0.00933666431198347
0.00944056268920097
0.00953910679789347
0.00963224369706097
0.00971992689195347
0.00980211622157097
0.00987877774616347
0.00994988363473097
0.0100154120525235
0.0100753470485410
0.0101296784430335
0.0101784017150010
0.0102215178896935
0.0102590334261110
0.0102909601045035
0.0103173149138710
0.0103381199394635
0.0103534022502810
0.0103631937865735
0.0103675312473410
0.0103664559778335
0.0103600138570510
0.0103482551852435
0.0103312345714110
0.0103090108208035
0.0102816468224210
0.0102492094365135
0.0102117693820810
0.0101694011243735
0.0101221827623910
0.0100701959163835
0.0100135256153510
0.00995226018454346
0.00988649113296096
0.00981631304085346
0.00974182344722096
0.00966312273731346
0.00958031403013096
0.00949350306592346
0.00940279809369096
0.00930830975868346
0.00921015098990095
0.00910843688759346
0.00900328461076096
0.00889481326465346
0.00878314378827095
0.00866839884186345
0.00855070269443095
0.00843018111122345
0.00830696124124095
0.00818117150473346
0.00805294148070095
0.00792240179439345
0.00778968400481095
0.00765492049220345
0.00751824434557095
0.00737978925016345
0.00723968937498095
0.00709807926027345
0.00695509370504095
0.00681086765453345
0.00666553608775095
0.00651923390494345
0.00637209581511095
0.00622425622350345
0.00607584911912095
0.00592700796221345
0.00577786557178094
0.00562855401307345
0.00547920448509094
0.00532994720808345
0.00518091131105094
0.00503222471924345
0.00488401404166094
0.00473640445855344
0.00458951960892094
0.00444348147801344
0.00429841028483094
0.00415442436962344
0.00401164008139094
0.00387017166538344
0.00373013115060094
0.00359162823729344
0.00345477018446094
0.00331966169735344
0.00318640481497094
0.00305509879756344
0.00292584001413094
0.00279872182992344
0.00267383449394094
0.00255126502643344
0.00243109710640094
0.00231341095909344
0.00219828324351094
0.00208578693990344
0.00197599123727094
0.00186896142086344
0.00176475875968094
0.00166344039397344
0.00156505922274094
0.00146966379123344
0.00137729817845094
0.00128800188464344
0.00120180971881094
0.00111875168620344
0.00103885287582094
9.62133347913443e-04
8.88608021480941e-04
8.18286561773443e-04
7.51173267790942e-04
6.87266959783444e-04
6.26560866750943e-04
5.69042513943444e-04
5.14693610360943e-04
4.63489936253445e-04
4.15401230620944e-04
3.70391078713445e-04
3.28416799530945e-04
2.89429333323446e-04
2.53373129090945e-04
2.20186032083446e-04
1.89799171300946e-04
1.62136846993447e-04
1.37116418160947e-04
1.14648190053447e-04
9.46353016709472e-05
7.69736132634479e-05
6.15515938309479e-05
4.82502086234484e-05
3.69428066409484e-05
2.74950081334489e-05
1.97645921009489e-05
1.36013837934493e-05
8.84714221094935e-06
5.33544760344960e-06
2.89158897094968e-06
1.33245156344984e-06
4.66404380949904e-07
9.31876734499720e-08